Experiment on File blogs/1461401.female.16.Student.Scorpio.xml

1
1
1
1
-1
1
1
-1
1
-1
1
-1
1
-1
-1
1
1
1
-1
-1
1
-1
-1
1
1
-1
1
-1
1
-1
-1
-1
-1
1
-1
1
1
-1
1
-1
-1
-1
-1
-1
-1
1
1
1
1
-1
-1
1
1
1
1
-1
1
1
1
1
1
-1
1
1
1
1
1
1
-1
-1
-1
1
1
1
1
1
1
1
1
1
1
1
-1
1
1
-1
-1
1
-1
1
1
1
1
-1
1
1
1
1
1
1
1
1
-1
-1
1
1
1
-1
1
-1
1
1
-1
1
1
-1
1
-1
1
-1
-1
1
-1
-1
1
1
1
1
-1
1
1
1
1
-1
1
-1
1
1
-1
-1
-1
-1
-1
-1
-1
1
-1
1
-1
1
1
1
1
-1
1
-1
1
1
1
-1
-1
-1
1
1
1
-1
-1
1
-1
-1
1
1
1
-1
-1
1
-1
-1
1
-1
-1
1
1
-1
1
1
-1
1
1
1
-1
1
-1
-1
-1
